HIRESLIST
  8036.925      26.1      7.56    -2.665
  8037.021      26.1      9.65    -2.851
  8037.053      26.1      8.31    -4.115
  8037.225      15.0      8.11    -2.220
  8037.361     606.0      0.39    -3.710
  8037.427      64.0      2.44    -0.680
  8037.499      19.0      2.67    -3.100
  8037.499      26.0      5.68    -3.923
  8037.633      26.0      5.10    -3.250
  8037.641      27.0      5.20    -1.556
  8037.868      24.0      6.23    -3.740
  8038.137     607.0      0.38    -1.734
  8038.243      21.0      5.26    -2.357
  8038.684      22.0      3.15    -1.387
  8038.734     607.0      1.61    -1.347
  8038.738     607.0      0.62    -3.294
  8038.785      20.0      6.01    -4.011
  8038.968      22.0      3.11    -3.044
  8038.975      20.0      6.02    -4.680
  8038.975     607.0      1.61    -3.163
  8038.991      19.0      2.67    -4.060
  8039.010      14.0      6.26    -4.490
  8039.038      25.1      7.05    -4.898
  8039.076      20.0      6.01    -3.521
  8039.083      73.0      0.75    -2.640
  8039.379      19.0      2.67    -3.360
  8039.387      21.1      9.75    -2.502
  8039.768       6.0      8.85    -2.700
  8039.859      27.0      5.11    -3.756
  8040.020      58.0      0.40    -1.663
  8040.057     607.0      0.16    -1.992
  8040.091      66.0      1.81    -1.215
  8040.124      40.0      1.75    -2.090
  8040.146      22.0      4.42    -3.505
  8040.266     607.0      0.40    -1.738
  8040.298      21.0      2.57    -2.871
  8040.324      27.0      5.20    -1.422
  8040.337     607.0      1.83    -3.406
  8040.383     607.0      1.37    -3.183
  8040.420     606.0      0.35    -1.470
  8040.460     607.0      0.40    -2.865
  8040.499      24.0      3.70    -3.984
  8040.602      24.0      4.21    -2.195
  8040.679     607.0      0.10    -3.047
  8040.878     607.0      1.48    -1.718
  8041.047      22.0      3.13    -1.447
  8041.055      23.0      4.72    -4.048
  8041.094      24.0      4.21    -3.171
  8041.177      27.1      2.72    -4.904
  8041.177      27.1      2.72    -4.278
  8041.326      27.1      2.72    -4.743
  8041.326      27.1      2.72    -4.494
  8041.340      76.0      1.37    -3.300
  8041.445      27.1      2.72    -4.751
  8041.445      27.1      2.72    -4.777
  8041.534      27.1      2.72    -4.915
  8041.534      27.1      2.72    -4.915
  8041.566      20.0      5.98    -4.129
  8041.651     607.0      0.15    -2.722
  8041.769     607.0      0.15    -2.003
  8041.864      24.0      3.70    -4.093
  8041.902      22.0      3.11    -1.490
  8041.915      20.0      5.98    -4.412
  8041.935      22.0      2.16    -4.768
  8041.958     607.0      1.39    -3.262
  8042.011     606.0      0.33    -4.048
  8042.261      22.0      2.17    -4.689
  8042.284      21.1      8.19    -0.924
  8042.362      23.0      3.07    -1.113
  8042.567      28.0      5.50    -0.906
  8042.989      24.0      3.70    -4.528
  8043.042      24.0      3.70    -4.528
  8043.090      26.0      2.00    -5.900
  8043.191      26.0      5.49    -3.967
  8043.205      20.0      5.88    -2.964
  8043.229      60.0      1.20    -0.540
  8043.280      26.0      3.00    -4.200
  8043.294      25.1      2.89    -5.327
  8043.301      25.1      2.89    -5.042
  8043.306      25.1      2.89    -5.297
  8043.313      27.0      4.21    -1.183
  8043.317      25.1      2.89    -4.820
  8043.325      25.1      2.89    -5.121
  8043.330      25.1      2.89    -6.075
  8043.343      25.1      2.89    -4.636
  8043.348     606.0      0.33    -4.077
  8043.354      25.1      2.89    -5.054
  8043.361      25.1      2.89    -5.996
  8043.379      25.1      2.89    -4.478
  8043.392      25.1      2.89    -5.080
  8043.402      25.1      2.89    -6.121
  8043.410      21.0      3.06    -1.604
  8043.415      26.1      9.00    -3.159
  8043.425      25.1      2.89    -4.338
  8043.441      25.1      2.89    -5.256
  8043.454      25.1      2.89    -6.473
  8043.498      15.0      8.44    -2.000
  8043.513      21.0      3.06    -1.428
  8043.707     607.0      0.25    -3.033
  8043.858     607.0      0.25    -1.553
  8043.990     607.0      0.29    -2.826
  8044.011     607.0      0.30    -2.829
  8044.057      23.1      4.52    -3.339
  8044.121     607.0      1.61    -3.162
  8044.152      20.0      5.39    -1.895
  8044.159     607.0      1.57    -1.466
  8044.193     607.0      0.29    -2.824
  8044.267     606.0      0.33    -4.087
  8044.305     607.0      1.52    -1.527
  8044.312     607.0      0.31    -2.833
  8044.362     607.0      1.61    -1.339
  8044.382     607.0      0.26    -1.553
  8044.539     607.0      0.26    -3.046
  8044.676     607.0      0.28    -2.824
  8044.685      22.1      6.50    -3.565
  8044.750      21.1      9.72    -2.837
  8044.877     607.0      0.32    -2.839
  8045.203      27.0      5.00    -2.786
  8045.209      21.1      9.75    -2.219
  8045.319      45.0      3.70     0.440
  8045.337       6.0      8.85    -1.881
  8045.337      24.0      5.65    -3.364
  8045.384      23.0      2.62    -2.704
  8045.409     607.0      0.28    -2.827
  8045.436      24.0      4.45    -1.173
  8045.512      22.0      4.50    -3.464
  8045.615      15.0      8.42    -2.400
  8045.702     607.0      0.32    -2.845
  8045.721      24.0      4.45    -3.205
  8045.965      22.0      4.51    -3.477
  8046.047      26.0      4.41    -0.082
  8046.061      15.0      8.42    -2.800
  8046.122      40.0      1.82    -1.220
  8046.214      20.0      5.88    -4.009
  8046.390     607.0      0.27    -2.833
  8046.427      21.0      3.87    -2.747
  8046.504      20.0      6.05    -2.245
  8046.538     607.0      1.67    -1.865
  8046.796     607.0      0.33    -2.852
  8046.799      15.0      8.16    -0.830
  8046.802      14.0      6.12    -1.760
  8047.096      20.0      4.44    -3.194
  8047.126      23.0      3.09    -1.396
  8047.185      23.0      4.72    -3.140
  8047.255     112.0      1.31    -1.122
  8047.255     112.0      1.31    -1.099
  8047.262      66.0      1.49    -1.712
  8047.332     607.0      1.42    -3.451
  8047.446      20.0      4.44    -3.081
  8047.547     607.0      0.40    -1.723
  8047.593      22.0      3.92    -3.360
  8047.595     607.0      1.62    -1.546
  8047.605     607.0      0.27    -2.843
  8047.615      26.0      0.86    -4.705
  8047.720      12.0      5.93    -1.970
  8047.846     607.0      1.48    -2.867
  8047.976      20.0      5.88    -4.796
  8048.050      64.0      0.88    -2.050
  8048.054     607.0      1.48    -1.711
  8048.068     606.0      0.35    -1.417
  8048.162     607.0      0.34    -2.859
  8048.315     607.0      1.45    -3.857
  8048.383      20.0      6.05    -4.887
  8048.521      26.0      4.08    -4.000
  8048.524      27.1      4.92    -4.839
  8048.582      27.1      4.92    -4.894
  8048.582      27.1      4.92    -4.748
  8048.660      27.1      4.92    -4.639
  8048.660      27.1      4.92    -4.726
  8048.681      62.1      1.75    -0.370
  8048.757      27.1      4.92    -4.441
  8048.757      27.1      4.92    -4.780
  8048.874      27.1      4.92    -4.277
  8048.874      27.1      4.92    -4.976
  8048.895      24.0      6.23    -1.312
  8049.001      26.0      4.14    -4.126
  8049.010      27.1      4.92    -4.136
  8049.091     607.0      0.27    -2.857
  8049.135      23.0      3.87    -4.193
  8049.151     607.0      1.57    -2.942
  8049.211      20.0      5.88    -3.503
  8049.225      21.0      5.06    -2.386
  8049.268      15.0      8.44    -2.290
  8049.305      26.0      5.80    -0.900
  8049.347     607.0      0.64    -3.301
  8049.366      14.0      6.27    -1.750
  8049.466     607.0      1.57    -1.461
  8049.530      23.0      2.64    -1.398
  8049.599      14.0      6.27    -1.440
  8049.770      23.0      2.68    -3.400
  8049.800     607.0      0.35    -2.867
  8049.855      12.0      5.93    -2.200
  8049.855      12.0      5.93    -1.900
  8049.900      24.0      5.23    -4.237
  8049.995     607.0      0.18    -1.973
  8050.007      24.0      5.65    -2.462
  8050.062     607.0      1.52    -2.869
  8050.067     606.0      0.42    -4.958
  8050.106     607.0      0.42    -1.727
  8050.165      20.0      5.99    -3.001
  8050.306     607.0      0.42    -2.873
  8050.328     607.0      1.52    -1.521
  8050.451      22.1      8.90    -1.371
  8050.638     607.0      1.67    -3.529
  8050.647     607.0      0.11    -3.053
  8050.703      23.0      3.93    -2.565
  8050.716      24.0      4.45    -1.436
  8050.788      24.0      6.23    -2.347
  8050.788      27.0      5.00    -1.439
  8050.793     607.0      0.26    -2.878
  8050.840      66.0      1.78    -1.423
  8050.904      20.0      6.01    -3.513
  8050.923     606.0      0.41    -4.918
  8050.965     607.0      0.16    -2.731
  8051.041     607.0      1.67    -1.861
  8051.047      27.1      9.24    -4.208
  8051.072      17.0      9.03    -2.300
  8051.088     607.0      0.16    -1.983
  8051.345      60.1      0.18    -2.500
  8051.371      57.0      0.51    -1.590
  8051.475      24.0      4.40    -2.860
  8051.663      24.0      4.39    -3.306
  8051.702     607.0      0.36    -2.875
  8051.930     607.0      1.38    -3.182
  8052.059     607.0      1.62    -3.127
  8052.195      25.0      6.21    -3.817
  8052.228     606.0      0.52    -3.881
  8052.421     607.0      1.62    -1.542
  8052.603      26.0      4.59    -3.827
  8052.681      24.0      4.61    -2.755
  8052.694      21.1      9.76    -4.690
  8052.741     607.0      0.26    -2.907
  8052.812      24.0      4.21    -4.148
  8052.910     607.0      0.26    -3.042
  8052.921      21.1      9.75    -1.141
  8052.973      22.1      6.51    -2.873
  8052.986      23.0      4.59    -1.056
  8053.058     606.0      0.52    -3.895
  8053.066     607.0      0.26    -1.539
  8053.122      40.0      1.82    -1.410
  8053.220      25.0      6.20    -2.629
  8053.227      27.1      5.24    -3.385
  8053.227      27.1      5.24    -2.322
  8053.255      27.1      4.15    -4.667
  8053.255      27.1      4.15    -4.412
  8053.275      27.1      4.15    -4.412
  8053.275      27.1      4.15    -4.213
  8053.304      24.0      4.21    -2.603
  8053.305      27.1      4.15    -4.213
  8053.305      27.1      4.15    -4.149
  8053.308      22.0      2.49    -2.175
  8053.346      27.1      4.15    -4.149
  8053.346      27.1      4.15    -4.360
  8053.346      27.1      4.15    -4.180
  8053.352      27.1      5.24    -3.170
  8053.352      27.1      5.24    -2.458
  8053.352      27.1      5.24    -3.385
  8053.383     606.0      0.41    -3.656
  8053.397      27.1      4.15    -4.180
  8053.397      27.1      4.15    -3.954
  8053.397      27.1      4.15    -4.361
  8053.458      27.1      4.15    -4.361
  8053.458      27.1      4.15    -3.662
  8053.461      27.1      5.24    -3.093
  8053.461      27.1      5.24    -2.606
  8053.461      27.1      5.24    -3.170
  8053.554      27.1      5.24    -3.082
  8053.554      27.1      5.24    -2.765
  8053.554      27.1      5.24    -3.093
  8053.576      24.0      5.08    -3.257
  8053.614     606.0      0.52    -3.900
  8053.632      27.1      5.24    -3.125
  8053.632      27.1      5.24    -2.934
  8053.632      27.1      5.24    -3.082
  8053.695      27.1      5.24    -3.228
  8053.695      27.1      5.24    -3.101
  8053.695      27.1      5.24    -3.125
  8053.741      20.0      5.88    -4.786
  8053.741      27.1      5.24    -3.449
  8053.741      27.1      5.24    -3.239
  8053.741      27.1      5.24    -3.228
  8053.772      27.1      5.24    -3.253
  8053.772      27.1      5.24    -3.449
  8053.886     607.0      0.37    -2.884
  8053.903      20.0      5.59    -2.820
  8053.906     606.0      0.41    -3.675
  8053.940      73.0      1.36    -2.710
  8054.090     607.0      0.28    -1.539
  8054.102      25.0      6.18    -2.257
  8054.231      12.0      5.93    -1.700
  8054.231      12.0      5.93    -2.260
  8054.231      12.0      5.93    -3.270
  8054.245      20.0      6.05    -2.060
  8054.252     607.0      0.28    -3.055
  8054.535      90.1      1.56    -2.753
  8054.699      27.0      5.31    -1.645
  8054.776      20.0      5.59    -2.361
  8054.835      74.0      1.71    -2.880
  8054.835     607.0      1.63    -1.339
  8054.888      22.0      3.92    -3.481
  8054.933      20.0      6.05    -3.223
  8054.934     607.0      0.26    -2.947
  8055.083     607.0      1.63    -3.170
  8055.157      15.0      8.45    -2.660
  8055.192      22.0      3.32    -4.063
  8055.367     606.0      0.41    -3.682
  8055.380      40.0      0.54    -2.590
  8055.426      59.0      0.86    -0.909
  8055.582      74.0      2.46    -1.600
  8055.630      92.0      1.01    -1.862
  8055.737      40.0      0.63    -2.480
  8055.752      20.0      6.02    -4.540
  8055.784      22.0      4.48    -1.839
  8055.958      28.0      5.39    -1.837
  8055.991      27.0      4.15    -0.200
  8056.082      22.0      3.33    -3.399
  8056.085      20.0      5.05    -0.876
  8056.185      22.1      8.92    -0.483
  8056.196      21.0      3.61    -4.907
  8056.218      21.0      3.61    -4.766
  8056.344     607.0      0.38    -2.892
  8056.471      72.0      1.83    -1.440
  8056.516     112.0      1.32    -1.077
  8056.516     112.0      1.32    -1.099
  8056.575      21.0      4.20    -2.022
  8056.685      23.1      4.52    -2.981
  8056.836      14.0      6.40    -2.460
  8056.997      21.0      4.19    -2.094
  8057.240     607.0      1.50    -1.708
  8057.271     607.0      0.42    -1.713
  8057.347     607.0      0.26    -3.003
  8057.400      21.1      9.77    -2.359
  8057.603      42.0      5.68    -0.220
  8057.872      14.0      6.10    -2.190
  8057.978      25.0      6.18    -1.425
  8058.107      25.0      6.21    -3.621
  8058.107      40.0      0.62    -1.600
  8058.172      24.0      3.55    -3.718
  8058.204      42.0      3.40    -1.894
  8058.208      26.0      5.54    -2.544
  8058.212      15.0      8.28    -2.860
  8058.367      24.0      4.62    -3.204
  8058.524      20.0      5.88    -4.881
  8058.624       6.0      8.85    -1.275
  8058.978      24.0      6.23    -2.181
  8059.086     607.0      0.39    -2.901
  8059.277      20.0      6.02    -4.878
  8059.504      26.1      7.56    -4.049
  8059.647      24.0      3.56    -4.365
  8059.719      24.0      4.45    -2.983
  8059.816      26.0      5.07    -2.974
  8059.817      26.0      5.95    -3.148
  8059.994     607.0      0.25    -3.083
  8060.095      23.0      2.72    -4.830
  8060.155      26.1      6.80    -2.210
  8060.226     607.0      0.19    -1.954
  8060.239     607.0      1.63    -3.168
  8060.256     607.0      0.44    -1.716
  8060.268     607.0      0.67    -3.307
  8060.310      74.0      2.27    -2.390
  8060.354     607.0      1.40    -3.189
  8060.368      24.0      5.11    -2.336
  8060.461     607.0      0.44    -2.880
  8060.488     607.0      1.63    -1.330
  8060.591     607.0      0.18    -2.740
  8060.719     607.0      0.18    -1.964
  8060.908      24.0      4.44    -4.282
  8060.932     607.0      0.12    -3.059
  8061.018      28.1      9.91    -3.681
  8061.023     606.0      0.35    -4.017
  8061.116      23.0      4.65    -3.495
  8061.161      24.0      5.08    -3.484
  8061.259      20.0      6.05    -3.995
  8061.265      24.0      4.41    -0.946
  8061.337      15.0      8.32    -2.420
  8061.560      26.1      9.70    -2.278
  8062.102     607.0      0.40    -2.910
  8062.278     606.0      0.35    -4.043
  8062.299      23.0      4.65    -4.211
  8062.363       6.0      8.85    -1.856
  8062.416      23.0      4.71    -3.213
  8062.420     607.0      0.28    -3.051
  8062.553      23.0      4.68    -3.986
  8062.581     607.0      0.28    -1.525
  8062.631      90.0      2.38    -0.632
  8062.676      20.0      5.99    -4.574
  8062.854      22.0      2.15    -2.911
  8062.869     607.0      0.25    -3.207
  8062.891      27.0      5.36    -2.093
  8062.977      26.1      8.04    -2.829
  8063.078      26.1      7.57    -4.114
  8063.090      40.0      0.62    -1.200
  8063.092      20.0      6.05    -3.659
  8063.125     606.0      0.35    -4.053
  8063.470      45.0      3.97     0.090
  8063.616      28.0      3.77    -4.481
  8063.775      25.0      6.21    -2.517
  8063.938      24.0      6.23    -3.047
  8064.006      60.1      1.49    -1.344
  8064.074     607.0      1.50    -2.874
  8064.100      23.0      3.08    -1.237
  8064.100     607.0      0.29    -1.525
  8064.245      22.0      3.72    -0.653
  8064.258     607.0      1.55    -1.519
  8064.266     607.0      0.29    -3.063
  8064.272      26.1      9.90    -1.178
  8064.288     607.0      1.50    -1.701
  8064.588      26.0      5.74    -2.693
  8064.741      20.0      5.89    -3.967
  8064.884     607.0      1.42    -3.267
  8064.937      15.0      8.10    -1.490
  8065.024      23.0      2.72    -4.185
  8065.031      24.0      4.39    -4.071
  8065.161      62.0      1.41    -0.686
  8065.369      20.0      6.02    -2.480
  8065.393     607.0      0.42    -2.919
  8065.475      92.0      1.25    -1.447
  8065.476      22.0      4.47    -2.047
  8065.564      25.0      5.58    -2.926
  8065.856      92.0      0.47    -2.692
  8065.957      22.0      4.41    -2.896
  8065.968      13.0      4.09    -1.936
  8065.969     607.0      0.25    -3.432
  8066.017      22.0      1.89    -2.300
  8066.396      27.1      4.26    -2.244
  8066.407      27.1      4.26    -1.805
  8066.429      27.1      4.26    -1.522
  8066.454      27.1      4.26    -1.943
  8066.462      27.1      4.26    -1.306
  8066.485      27.1      4.26    -1.779
  8066.493      27.1      4.26    -1.943
  8066.527      27.1      4.26    -1.771
  8066.544      27.1      4.26    -2.119
  8066.579      27.1      4.26    -1.932
  8066.605      27.1      4.26    -2.369
  8066.677      27.1      4.26    -2.797
  8066.870      20.0      5.92    -4.298
  8066.915      58.0      0.66    -1.485
  8067.050     607.0      0.26    -2.696
  8067.051     607.0      1.60    -1.460
  8067.057     607.0      0.26    -2.591
  8067.071     607.0      0.26    -2.610
  8067.082     607.0      0.26    -2.565
  8067.273     607.0      0.26    -2.827
  8067.289     607.0      0.26    -2.672
  8067.294     607.0      0.26    -2.503
  8067.306     607.0      0.44    -1.702
  8067.324     607.0      0.26    -2.533
  8067.374      24.0      4.61    -4.132
  8067.715      24.0      4.20    -3.078
  8067.721     607.0      0.25    -3.001
  8067.733     607.0      0.25    -2.759
  8067.767     607.0      0.27    -2.427
  8067.802     607.0      0.27    -2.509
  8067.985     606.0      0.37    -1.379
  8067.992      27.1      5.39    -4.625
  8067.992      27.1      5.39    -4.148
  8068.015      27.1      5.39    -4.148
  8068.015      27.1      5.39    -4.294
  8068.018      21.1      7.88    -1.648
  8068.194      24.0      6.03    -1.489
  8068.238      22.0      1.87    -1.280
  8068.387      15.0      8.42    -0.500
  8068.389      22.1      6.53    -1.889
  8068.393     607.0      0.25    -3.277
  8068.400     607.0      0.25    -2.886
  8068.461      62.1      1.75    -0.313
  8068.478     607.0      0.27    -2.360
  8068.517     607.0      0.27    -2.492
  8068.633     607.0      1.40    -3.189
  8068.700      69.0      1.09    -3.360
  8068.923      23.0      3.96    -2.067
  8068.977     607.0      0.43    -2.927
  8069.060      73.0      1.91    -1.800
  8069.290     607.0      0.25    -3.049
  8069.383      26.1      6.73    -4.008
  8069.399      24.0      4.45    -2.798
  8069.431     607.0      0.27    -2.301
  8069.475     607.0      0.27    -2.480
  8069.516      23.0      3.08    -1.496
  8069.646      27.0      4.50    -3.133
  8069.700      26.1      9.90    -1.939
  8069.716      14.0      6.27    -1.570
  8069.779      22.0      2.49    -1.500
  8069.848      20.0      5.99    -4.884
  8069.848      23.1      6.65    -4.517
  8069.943     607.0      1.55    -2.875
  8069.952      22.1      8.92    -1.516
  8070.100      40.0      0.73    -0.400
  8070.131      23.1      3.07    -3.738
  8070.131      23.1      3.07    -3.261
  8070.131      23.1      3.07    -2.940
  8070.200      23.1      3.07    -3.282
  8070.200      23.1      3.07    -3.261
  8070.200      23.1      3.07    -3.407
  8070.215     607.0      1.55    -1.514
  8070.317      23.0      2.58    -2.537
  8070.321      22.0      4.18    -3.798
  8070.431       6.0      8.85    -1.952
  8070.534     607.0      0.19    -2.749
  8070.592      14.0      6.08    -1.530
  8070.637     607.0      0.28    -2.247
  8070.638      22.0      3.35    -3.013
  8070.667     607.0      0.19    -1.945
  8070.685     607.0      0.28    -2.473
  8070.712     607.0      0.46    -1.706
  8070.724      58.0      0.52    -1.116
  8070.739     606.0      0.38    -1.448
  8070.758     607.0      0.20    -1.937
  8070.923     607.0      0.46    -2.888
  8071.015       6.0      9.17    -3.390
  8071.250      15.0      8.46    -1.000
  8071.284      14.0      6.10    -1.420
  8071.344     607.0      1.66    -1.330
  8071.497      22.1      8.94    -0.571
  8071.508     607.0      0.69    -3.313
  8071.540     607.0      0.13    -3.066
  8071.599     607.0      1.66    -3.176
  8071.732     607.0      0.25    -3.049
  8071.739     607.0      0.25    -3.350
  8071.957     606.0      0.55    -3.860
  8072.000     607.0      1.60    -2.947
  8072.051     606.0      0.41    -4.445
  8072.075     607.0      0.28    -2.199
  8072.077      20.0      6.01    -4.507
  8072.121      15.0      8.29    -3.560
  8072.128     607.0      0.28    -2.468
  8072.157      26.0      2.42    -4.200
  8072.166      26.0      2.42    -5.000
  8072.168      19.0      2.61    -3.120
  8072.241     607.0      0.29    -3.060
  8072.261      26.1      9.37    -4.462
  8072.321     607.0      1.60    -1.455
  8072.408     607.0      0.29    -1.512
  8072.644      24.0      4.62    -3.106
  8072.644      28.1      8.25    -3.762
  8072.714     606.0      0.44    -3.631
  8072.764     606.0      0.55    -3.873
  8072.834     607.0      0.44    -2.936
  8072.924      19.0      2.61    -3.420
  8072.946     607.0      1.45    -3.456
  8072.959      22.0      4.51    -3.597
  8072.960      15.0      8.11    -1.560
  8073.000      14.0      6.27    -1.400
  8073.028      14.0      6.27    -5.000
  8073.100      27.0      5.20    -2.870
  8073.155     606.0      0.44    -3.648
  8073.158     607.0      1.65    -1.541
  8073.268     606.0      0.55    -3.878
  8073.284     607.0      0.25    -2.809
  8073.296     607.0      0.25    -3.122
  8073.341      26.0      5.72    -2.815
  8073.774     607.0      0.29    -2.155
  8073.832     607.0      0.29    -2.467
  8073.933     607.0      1.52    -1.698
  8073.941      24.0      6.23    -3.733
  8074.036      92.1      0.80    -2.781
  8074.163      27.0      5.65    -3.673
  8074.215      23.1      8.64    -3.425
  8074.321      26.1      7.47    -2.279
  8074.352      21.1      9.76    -1.375
  8074.414     607.0      0.31    -1.512
  8074.430     607.0      1.71    -1.859
  8074.443      21.0      3.87    -3.496
  8074.447      26.1      8.93    -4.484
  8074.567      14.0      6.18    -4.760
  8074.568     606.0      0.44    -3.655
  8074.574      14.0      5.98    -2.890
  8074.580      24.0      4.70    -2.915
  8074.586     607.0      0.31    -3.072
  8074.666      15.0      8.46    -2.200
  8074.874      21.0      4.13    -3.491
  8075.059     607.0      0.26    -2.622
  8075.075     607.0      0.26    -2.996
  8075.116      26.1      7.47    -2.706
  8075.150      26.0      0.92    -4.960
  8075.224      20.0      5.05    -1.100
  8075.302     606.0      0.42    -4.492
  8075.353      13.0      4.09    -1.681
  8075.403     606.0      0.42    -3.776
  8075.435      23.0      2.62    -3.486
  8075.500      24.0      5.26    -2.592
  8075.533     606.0      0.41    -3.948
  8075.653      90.0      1.46    -1.884
  8075.728     607.0      0.29    -2.114
  8075.790     607.0      0.29    -2.468
  8076.015      24.0      5.24    -3.857
  8076.289      13.0      4.09    -2.636
  8076.313     607.0      1.49    -3.861
  8076.328      23.0      4.26    -3.772
  8076.611     607.0      0.25    -3.350
  8076.709     607.0      1.66    -3.174
  8076.870      27.0      5.36    -1.745
  8076.965     607.0      1.66    -1.322
  8076.975     607.0      0.46    -2.945
  8077.001      23.0      3.91    -2.173
  8077.058     607.0      0.26    -2.480
  8077.079     607.0      0.26    -2.913
  8077.105      24.0      5.66    -1.716
  8077.275      23.0      4.66    -3.628
  8077.412      25.1      9.24    -1.966
  8077.438      21.1      9.77    -4.600
  8077.550      64.0      0.88    -1.714
  8077.590      24.0      4.62    -2.164
  8077.615     607.0      1.65    -3.131
  8077.657     607.0      0.46    -1.693
  8077.692      24.0      4.45    -3.005
  8077.692      24.0      6.18    -3.729
  8077.942     607.0      0.30    -2.077
  8077.984     607.0      1.65    -1.536
  8078.009       6.0      8.85    -3.072
  8078.009     607.0      0.30    -2.470
  8078.026      20.0      5.83    -3.704
  8078.103      19.0      2.67    -2.590
  8078.103      19.0      2.67    -1.290
  8078.104      28.1      8.26    -3.079
  8078.119      26.1      9.74    -3.063
  8078.271     606.0      0.42    -3.839
  8078.358      24.0      5.66    -3.344
  8078.479       6.0      8.85    -1.817
  8078.510     607.0      1.71    -3.533
  8078.920     607.0      1.71    -1.855
  8078.938      20.0      5.49    -3.354
  8078.940      55.0      1.81    -1.342
  8078.978      26.0      4.84    -2.740
  8079.036      55.0      1.81    -0.041
  8079.063      20.0      6.01    -2.831
  8079.089      21.0      4.06    -1.064
  8079.121      24.0      6.05    -1.475
  8079.284     607.0      0.26    -2.366
  8079.311     607.0      0.26    -2.855
  8079.337      22.1      8.92     0.100
  8079.357      20.0      6.01    -3.301
  8079.386      58.0      0.59    -1.555
  8079.570     606.0      0.43    -4.539
  8079.588      26.1      9.74    -2.291
  8079.605      24.0      4.62    -3.853
  8079.610      19.0      2.67    -1.450
  8079.670      20.0      5.98    -4.682
  8079.670      24.0      5.07    -3.944
  8079.685     606.0      0.43    -3.701
  8079.892      27.1      4.06    -2.338
  8079.911      27.1      4.06    -2.338
  8079.911      27.1      4.06    -3.359
  8079.911      27.1      4.06    -2.058
  8079.945      22.1      7.72    -4.584
  8079.951      27.1      4.06    -2.058
  8079.951      27.1      4.06    -2.660
  8079.951      27.1      4.06    -1.920
  8080.011      27.1      4.06    -1.920
  8080.011      27.1      4.06    -2.213
  8080.011      27.1      4.06    -1.854
  8080.090      27.1      4.06    -1.854
  8080.090      27.1      4.06    -1.882
  8080.090      27.1      4.06    -1.847
  8080.190      27.1      4.06    -1.847
  8080.190      27.1      4.06    -1.619
  8080.190      27.1      4.06    -1.912
  8080.265      72.0      0.70    -2.110
  8080.312      27.1      4.06    -1.912
  8080.312      27.1      4.06    -1.400
  8080.312      27.1      4.06    -2.116
  8080.346      23.1      3.12    -4.384
  8080.357      23.1      3.12    -4.902
  8080.357      23.1      3.12    -4.676
  8080.367      23.1      3.12    -4.871
  8080.367      23.1      3.12    -4.902
  8080.375      23.1      3.12    -4.935
  8080.375      23.1      3.12    -4.871
  8080.381      23.1      3.12    -4.935
  8080.410     607.0      0.31    -2.042
  8080.452      27.1      4.06    -2.116
  8080.452      27.1      4.06    -1.213
  8080.482     607.0      0.31    -2.474
  8080.483      22.0      2.17    -3.554
  8080.545      26.0      3.30    -2.900
  8080.574      22.0      1.87    -4.072
  8080.607     607.0      0.26    -3.071
  8080.691     607.0      1.42    -3.195
  8080.705     607.0      1.52    -2.881
  8080.710      26.0      5.80    -0.600
  8080.777      23.1      2.36    -4.990
  8080.788     607.0      0.20    -2.757
  8080.808      23.1      2.36    -4.990
  8080.808      23.1      2.36    -4.926
  8080.849      23.1      2.36    -4.926
  8080.849      23.1      2.36    -4.957
  8080.865      26.1      6.81    -4.224
  8080.900      23.1      2.36    -4.957
  8080.900      23.1      2.36    -4.731
  8080.926     607.0      0.20    -1.928
  8080.926     607.0      1.52    -1.691
  8080.962      23.1      2.36    -4.439
  8081.243     606.0      0.38    -3.988
  8081.362      27.0      5.00    -1.865
  8081.375      23.0      3.91    -4.452
  8081.422     607.0      0.47    -2.954
  8081.477     607.0      0.48    -1.696
  8081.584      24.1      6.82    -4.302
  8081.587     607.0      0.22    -1.920
  8081.693     607.0      0.48    -2.895
  8081.728      21.1      9.76    -2.528
  8081.744     607.0      0.26    -2.270
  8081.761      20.0      6.01    -4.837
  8081.774     607.0      0.26    -2.813
  8081.813      24.0      5.66    -0.879
  8082.154     606.0      0.43    -3.753
  8082.183      24.0      6.05    -1.161
  8082.258     606.0      0.43    -4.590
  8082.362      23.0      3.07    -1.277
  8082.374     607.0      0.31    -3.068
  8082.398     606.0      0.38    -4.012
  8082.420      20.0      5.99    -4.383
  8082.472     607.0      0.14    -3.074
  8082.532      27.0      5.31    -2.029
  8082.546     607.0      0.31    -1.499
  8082.930      21.0      4.17    -3.143
  8083.066     607.0      0.71    -3.319
  8083.152     607.0      0.32    -2.010
  8083.191     606.0      0.38    -4.022
  8083.228     607.0      0.32    -2.479
  8083.342      21.1      8.23    -1.440
  8083.375      25.0      5.37    -1.451
  8083.706      24.0      4.61    -3.690
  8083.797       6.0      8.85    -1.732
  8083.806      23.0      1.87    -4.264
  8083.880      26.1      5.59    -4.233
  8083.941     606.0      0.43    -3.743
  8084.425     607.0      0.27    -2.188
  8084.460     607.0      0.27    -2.782
  8084.526      22.0      2.33    -2.050
  8084.560      24.0      5.26    -1.318
  8084.576     607.0      1.57    -1.511
  8084.829     607.0      0.26    -2.893
  8084.936     606.0      0.44    -4.583
  8084.976      24.0      4.40    -3.316
  8085.026     607.0      0.33    -1.499
  8085.034     606.0      0.44    -3.638
  8085.176      26.0      4.45    -0.240
  8085.189      26.1      9.77    -2.342
  8085.194      22.0      2.33    -1.574
  8085.203     607.0      0.33    -3.080
  8085.219      90.0      1.09    -2.252
  8085.291      20.0      5.88    -2.642
  8085.362      23.0      2.64    -2.755
  8085.558      21.0      3.79    -1.774
  8085.565      27.0      5.20    -3.632
  8085.584      23.0      4.26    -1.846
  8085.610      22.1      8.79    -3.230
  8085.714     607.0      1.42    -3.197
  8085.735      22.1      8.94     0.150
  8086.134      57.0      0.33    -1.580
  8086.137     607.0      0.48    -2.962
  8086.155     607.0      0.32    -1.980
  8086.166      20.0      4.45    -1.200
  8086.236     607.0      0.32    -2.485
  8086.310      22.1      6.58    -2.338
  8086.605      25.0      5.61    -2.648
  8086.644      24.0      4.21    -3.871
  8086.950      26.1      8.92    -4.116
  8087.118      20.0      5.81    -3.953
  8087.221     606.0      0.44    -3.681
  8087.315     606.0      0.44    -4.630
  8087.353     607.0      0.27    -2.116
  8087.363      15.0      8.13    -2.020
  8087.392     607.0      0.27    -2.760
  8087.612      21.1      9.76    -1.542
  8087.625      24.0      3.56    -4.231
  8088.191     607.0      1.68    -1.322
  8088.202      15.0      8.46    -4.510
  8088.251     607.0      1.45    -3.272
  8088.320     607.0      0.48    -1.683
  8088.365      21.0      5.06    -2.379
  8088.365      21.0      5.06    -3.619
  8088.454     607.0      1.68    -3.182
  8088.791     606.0      0.44    -3.676
  8089.018      26.0      4.73    -4.190
  8089.280     607.0      0.26    -2.760
  8089.296     606.0      0.39    -1.344
  8089.352      26.0      5.07    -1.800
  8089.431     607.0      0.33    -1.952
  8089.517     607.0      0.33    -2.492
  8089.550      22.0      2.33    -2.223
  8089.676     607.0      0.27    -2.204
  8089.767     607.0      0.27    -2.251
  8089.910     607.0      0.28    -2.161
  8089.939      64.1      2.47    -1.580
  8090.079      15.0      8.13    -1.080
  8090.184      27.0      3.53    -3.429
  8090.186     607.0      0.27    -2.302
  8090.215     607.0      1.57    -2.880
  8090.315      26.0      4.58    -2.100
  8090.349     607.0      1.63    -1.453
  8090.464     607.0      0.28    -2.122
  8090.477      26.1      6.72    -4.282
  8090.494     607.0      1.57    -1.506
  8090.528     607.0      0.27    -2.053
  8090.572     607.0      0.27    -2.744
  8090.937     607.0      0.26    -2.358
  8091.000     607.0      1.54    -1.688
  8091.147      27.0      5.36    -2.608
  8091.153     607.0      0.50    -2.971
  8091.170      26.1      9.77    -2.223
  8091.192       6.0      9.17    -3.680
  8091.212      27.0      5.36    -3.425
  8091.304      20.0      6.01    -4.457
  8091.339     607.0      0.29    -2.085
  8091.361     607.0      0.22    -2.766
  8091.374     606.0      0.46    -4.625
  8091.485     606.0      0.46    -3.584
  8091.505     607.0      0.22    -1.911
  8092.022     607.0      0.26    -2.419
  8092.195      27.0      5.31    -1.975
  8092.200      26.1      7.57    -4.432
  8092.383      22.0      4.41    -3.745
  8092.391      25.0      6.21    -3.970
  8092.534     607.0      0.29    -2.051
  8092.558     607.0      0.50    -1.686
  8092.605      29.1      3.82    -1.800
  8092.613      29.1      3.82    -1.100
  8092.615      29.1      3.82    -1.100
  8092.627      29.1      3.82    -0.600
  8092.639      29.1      3.82    -1.400
  8092.644      29.1      3.82    -1.100
  8092.654      29.1      3.82    -1.100
  8092.719     607.0      0.23    -1.903
  8092.779     607.0      0.50    -2.902
  8092.817     607.0      0.33    -3.077
  8092.822      24.0      5.24    -1.507
  8092.891      20.0      5.88    -3.473
  8092.918     606.0      0.59    -3.840
  8092.976     607.0      0.34    -1.925
  8092.994     607.0      0.33    -1.486
  8093.003      20.0      4.43    -2.100
  8093.067     607.0      0.34    -2.499
  8093.222     606.0      0.47    -3.607
  8093.232      14.0      5.86    -1.100
  8093.276      28.0      4.54    -2.375
  8093.413     606.0      0.46    -3.621
  8093.451     607.0      0.26    -2.488
  8093.464      23.1      1.05    -2.974
  8093.464      23.1      1.05    -2.974
  8093.464      23.1      1.05    -3.275
  8093.465      23.1      1.05    -3.150
  8093.465      23.1      1.05    -2.810
  8093.465      23.1      1.05    -2.836
  8093.466      23.1      1.05    -3.400
  8093.466      23.1      1.05    -2.802
  8093.466      23.1      1.05    -2.553
  8093.466      23.1      1.05    -3.828
  8093.466      23.1      1.05    -2.963
  8093.466      23.1      1.05    -2.337
  8093.523     607.0      1.68    -3.180
  8093.529     606.0      0.46    -4.667
  8093.551      22.1      8.79    -1.148
  8093.583      20.0      6.03    -4.461
  8093.625      90.0      0.48    -2.857
  8093.626     606.0      0.47    -3.623
  8093.686     606.0      0.59    -3.852
  8093.721      23.0      4.71    -2.441
  8093.728     607.0      0.15    -3.082
  8093.778      27.1      4.02    -2.100
  8093.778      27.1      4.02    -2.600
  8093.778      27.1      4.02    -3.600
  8093.787     607.0      1.68    -1.314
  8093.797      27.1      4.02    -1.500
  8093.797      27.1      4.02    -1.900
  8093.797      27.1      4.02    -2.900
  8093.823      27.1      4.02    -1.400
  8093.823      27.1      4.02    -1.700
  8093.823      27.1      4.02    -2.900
  8093.856      27.1      4.02    -1.300
  8093.856      27.1      4.02    -1.700
  8093.856      27.1      4.02    -2.400
  8093.896      27.1      4.02    -0.400
  8093.896      27.1      4.02    -1.000
  8093.896      27.1      4.02    -2.300
  8093.922     607.0      0.28    -1.995
  8093.944      27.1      4.02    -0.300
  8093.944      27.1      4.02    -1.000
  8093.944      27.1      4.02    -2.700
  8093.962     607.0      0.26    -2.652
  8093.971     607.0      0.28    -2.733
  8094.000      27.1      4.02    -1.000
  8094.000      27.1      4.02    -2.100
  8094.037     607.0      0.30    -2.019
  8094.066      27.1      4.02    -0.900
  8094.162     606.0      0.59    -3.857
  8094.440      58.0      0.40    -1.442
  8094.845     606.0      0.46    -3.619
  8094.891      26.1      9.65    -2.497
  8094.934      26.0      5.79    -1.500
  8094.955     607.0      0.74    -3.325
  8094.996     606.0      0.47    -3.630
  8095.169      24.0      2.71    -3.500
  8095.213     607.0      0.26    -2.564
  8095.235      23.0      4.68    -3.618
  8095.271     607.0      1.63    -2.952
  8095.274      24.0      5.07    -3.298
  8095.307      22.1      6.58    -2.704
  8095.384      26.0      4.41    -3.598
  8095.385     606.0      0.42    -4.595
  8095.405      21.1      9.76    -2.332
  8095.497      26.1      7.47    -2.586
  8095.596      27.0      5.04    -3.978
  8095.599     607.0      1.63    -1.448
  8095.614      28.0      5.63    -3.928
  8095.863     607.0      0.31    -1.989
  8095.953     607.0      0.35    -1.486
  8096.087      23.0      4.26    -2.802
  8096.135     607.0      0.35    -3.088
  8096.153      22.1      6.53    -3.202
  8096.450     607.0      0.51    -2.979
  8096.643      26.0      3.02    -4.600
  8096.802     607.0      0.35    -1.900
  8096.870      26.0      4.08    -1.900
  8096.897     607.0      0.35    -2.507
  8096.944      26.0      5.27    -3.393
  8097.324     607.0      0.25    -2.651
  8097.368      26.1      8.99    -2.818
  8097.532      23.1      3.07    -4.083
  8097.532      23.1      3.07    -4.229
  8097.582      24.0      3.55    -4.618
  8097.591     607.0      0.28    -1.944
  8097.602      23.1      3.07    -4.560
  8097.602      23.1      3.07    -4.083
  8097.633      92.0      1.01    -1.687
  8097.644     607.0      0.28    -2.726
  8097.685     607.0      1.54    -2.888
  8097.721      20.0      5.88    -3.861
  8097.786      21.1      8.19     0.557
  8097.897      20.0      6.05    -2.613
  8097.913     607.0      1.54    -1.682
  8097.998     607.0      0.32    -1.961
  8098.096      20.0      6.02    -4.009
  8098.197     606.0      0.42    -3.576
  8098.225      24.0      4.41    -1.239
  8098.330      23.0      4.65    -2.114
  8098.337      22.0      2.16    -2.688
  8098.365      26.0      4.50    -2.600
  8098.378      26.1      9.76    -1.527
  8098.698      23.0      3.93    -1.770
  8098.707      12.0      5.95    -2.350
  8098.707      12.0      5.95    -3.890
  8098.719      12.0      5.95    -3.720
  8098.719      12.0      5.95    -2.390
  8098.719      12.0      5.95    -1.120
  8098.727      12.0      5.95    -1.450
  8098.835      20.0      5.93    -3.564
  8098.879     607.0      0.27    -2.560
  8098.950     606.0      0.47    -4.664
  8099.007     607.0      1.49    -3.460
  8099.032      24.0      6.02    -1.565
  8099.038     606.0      0.47    -3.536
  8099.091      24.0      6.15    -2.476
  8099.145      27.0      5.48    -2.334
  8099.173      60.0      1.47    -0.270
  8099.179     607.0      1.69    -1.535
  8099.305     607.0      0.50    -1.673
  8099.747      20.0      6.05    -4.590
  8099.783     607.0      0.25    -2.747
  8099.793      24.0      2.71    -3.300
  8099.800      20.0      6.05    -3.917
  8100.067      22.0      1.88    -2.510
  8100.141      73.0      1.20    -2.980
  8100.430     607.0      0.32    -1.934
  8100.601      24.0      5.09    -3.022
  8100.627      20.0      5.99    -3.632
  8100.765      21.1      7.86    -2.194
  8100.784      23.0      3.06    -3.291
  8100.798     606.0      0.47    -3.568
  8100.882     606.0      0.47    -4.703
  8100.890     607.0      0.36    -1.876
  8100.990     607.0      0.36    -2.515
  8101.103     606.0      0.42    -4.655
  8101.277      27.0      5.20    -1.899
  8101.448     607.0      1.44    -3.201
  8101.470      26.1      9.90    -0.591
  8101.497     607.0      0.29    -1.897
  8101.556     607.0      0.29    -2.723
  8101.566      22.1      8.90     0.017
  8101.809      24.0      4.62    -3.505
  8102.042     607.0      0.53    -2.988
  8102.069     606.0      0.47    -3.568
  8102.209      23.0      4.67    -3.925
  8102.250     607.0      0.23    -2.775
  8102.399     607.0      0.23    -1.894
  8102.446      24.0      5.29    -1.837
  8102.570     606.0      0.42    -1.427
  8102.593     607.0      0.25    -2.849
  8102.658     606.0      0.40    -3.961
  8102.686      15.0      8.44    -1.930
  8102.807     606.0      0.43    -4.649
  8102.819     607.0      1.75    -1.854
  8102.899      20.0      5.93    -3.019
  8102.909     606.0      0.43    -3.410
  8103.037      25.1      9.24    -1.584
  8103.157     607.0      1.44    -3.204
  8103.188     607.0      0.33    -1.909
  8103.424      23.0      4.74    -4.036
  8103.457      21.0      5.06    -1.817
  8103.458      26.1      6.73    -3.188
  8103.579     607.0      0.35    -3.085
  8103.587     607.0      1.69    -3.136
  8103.750     606.0      0.40    -3.983
  8103.762     607.0      0.35    -1.474
  8103.957     607.0      0.52    -1.677
  8103.964     607.0      1.69    -1.530
  8103.998      20.0      5.89    -4.909
  8104.034     607.0      0.27    -2.481
  8104.155     607.0      0.25    -1.887
  8104.184     607.0      0.52    -2.909
  8104.370      21.0      4.18    -2.454
  8104.442      23.0      3.06    -3.744
  8104.484     606.0      0.40    -3.992
  8104.534      26.1      7.58    -3.674
  8104.541      25.0      4.68    -3.143
  8104.672      27.0      5.36    -2.991
  8104.688     607.0      0.26    -2.804
  8104.693     607.0      1.52    -3.865
  8104.694     607.0      0.25    -2.850
  8104.704     607.0      0.26    -2.503
  8104.706     607.0      0.25    -2.665
  8105.028     607.0      0.26    -2.768
  8105.049     607.0      0.25    -2.900
  8105.049     607.0      0.26    -2.379
  8105.056     607.0      0.25    -2.921
  8105.138     606.0      0.43    -3.480
  8105.240     606.0      0.43    -4.661
  8105.243      24.0      3.55    -4.214
  8105.265     607.0      0.37    -1.854
  8105.306     607.0      0.16    -3.089
  8105.307     607.0      1.60    -1.504
  8105.370     607.0      0.37    -2.523
  8105.417     607.0      1.71    -1.314
  8105.658     607.0      0.29    -1.854
  8105.688     607.0      1.71    -3.188
  8105.713     607.0      0.26    -2.740
  8105.721     607.0      0.29    -2.722
  8105.737      24.0      2.71    -3.000
  8105.738     607.0      0.26    -2.279
  8105.984      26.1      8.97    -3.821
  8106.249     607.0      0.34    -1.885
  8106.335      25.1      7.05    -4.422
  8106.361      25.0      4.71    -2.972
  8106.695      26.0      5.30    -1.550
  8106.737      15.0      8.46    -2.600
  8106.738     607.0      0.26    -2.720
  8106.768     607.0      0.26    -2.194
  8106.872     607.0      1.75    -3.537
  8106.981      20.0      6.02    -3.717
  8107.164     607.0      0.77    -3.331
  8107.188     607.0      0.36    -1.474
  8107.290     607.0      1.75    -1.850
  8107.291      26.1      5.59    -4.557
  8107.375     607.0      0.36    -3.096
  8107.390      26.0      5.30    -1.650
  8107.414      26.0      5.52    -3.992
  8107.527      26.1      9.90    -3.224
  8107.628     606.0      0.49    -4.701
  8107.719     606.0      0.49    -3.493
  8107.771     606.0      0.43    -4.700
  8107.945     607.0      0.55    -2.996
  8108.102     607.0      0.27    -2.705
  8108.137     607.0      0.27    -2.121
  8108.163      25.0      5.60    -2.360
  8108.319      26.0      2.73    -3.952
  8108.405      28.0      5.45    -3.151
  8108.454     607.0      1.56    -1.679
  8108.551      23.0      3.11    -0.665
  8108.551      23.0      3.10     0.000
  8108.778      22.0      3.72    -0.774
  8108.814      24.0      5.66    -0.791
  8108.820      24.0      4.62    -2.916
  8108.932      23.0      3.09    -0.474
  8109.143      23.0      3.08     0.000
  8109.164      15.0      8.43    -2.860
  8109.228      25.0      4.68    -3.980
  8109.324     606.0      0.49    -3.521
  8109.432     607.0      0.27    -2.412
  8109.617     607.0      0.35    -1.863
  8109.786     607.0      0.27    -2.696
  8109.826     607.0      0.27    -2.056
  8109.846      23.0      3.07    -0.711
  8109.923     607.0      0.38    -1.832
  8109.975     607.0      0.25    -3.024
  8109.987     607.0      0.25    -3.499
  8110.033     607.0      0.38    -2.532
  8110.074     607.0      0.30    -1.814
  8110.077      24.0      5.66    -1.793
  8110.142     607.0      0.30    -2.723
  8110.386      25.1      5.38    -2.002
  8110.452      24.0      5.29    -1.307
  8110.610     607.0      0.52    -1.664
  8110.729     607.0      1.71    -3.187
  8110.859     607.0      1.60    -2.886
  8111.000     607.0      1.71    -1.306
  8111.144     607.0      1.60    -1.498
  8111.264     606.0      0.44    -4.699
  8111.379     606.0      0.44    -3.346
  8111.465      27.0      5.33    -2.596
  8111.532      28.0      5.63    -3.165
  8111.839      27.1      4.06    -4.239
  8111.839      27.1      4.06    -3.954
  8111.839      27.1      4.06    -4.209
  8111.841     607.0      0.27    -2.690
  8111.885      27.1      4.06    -4.209
  8111.885      27.1      4.06    -3.766
  8111.885      27.1      4.06    -3.821
  8111.886     607.0      0.27    -1.998
  8111.954      27.1      4.06    -4.260
  8111.954      27.1      4.06    -3.675
  8111.954      27.1      4.06    -3.566
  8112.018     606.0      0.42    -1.312
  8112.046      27.1      4.06    -4.385
  8112.046      27.1      4.06    -3.653
  8112.046      27.1      4.06    -3.368
  8112.060     607.0      1.48    -3.277
  8112.085     607.0      0.26    -2.820
  8112.102     607.0      0.26    -3.147
  8112.160      27.1      4.06    -4.607
  8112.160      27.1      4.06    -3.707
  8112.160      27.1      4.06    -3.204
  8112.161      26.0      2.69    -3.777
  8112.297      27.1      4.06    -3.903
  8112.297      27.1      4.06    -3.063
  8112.459      44.0      3.95    -0.280
  8112.501      22.0      1.88    -3.092
  8112.576      14.0      6.10    -4.000
  8113.028      26.1      9.76    -3.715
  8113.244     606.0      0.44    -3.403
  8113.282     607.0      0.36    -1.841
  8113.349     606.0      0.44    -4.748
  8113.360     606.0      0.44    -4.707
  8113.460     607.0      0.25    -2.784
  8113.615     607.0      0.25    -1.879
  8114.000      27.0      5.36    -0.748
  8114.121     607.0      1.66    -1.447
  8114.131     607.0      0.56    -3.004
  8114.191     607.0      0.28    -2.687
  8114.240     607.0      0.28    -1.946
  8114.329      40.0      0.63    -2.790
  8114.475      26.1      8.99    -3.489
  8114.547     607.0      0.26    -2.707
  8114.568     607.0      0.26    -2.936
  8114.658     607.0      0.36    -3.094
  8114.776     607.0      0.31    -1.777
  8114.846     607.0      0.36    -1.463
  8114.849     607.0      0.31    -2.725
  8114.853     607.0      0.39    -1.812
  8114.862      23.1      2.37    -4.861
  8114.922      21.0      4.05    -1.238
  8114.966     606.0      0.50    -3.584
  8114.968     607.0      0.39    -2.540
  8115.050     607.0      1.56    -2.895
  8115.064      15.0      8.11    -1.490
  8115.076     607.0      0.28    -2.350
  8115.131     606.0      0.62    -3.821
  8115.258      23.0      4.66    -3.802
  8115.284     607.0      1.56    -1.672
  8115.318     606.0      0.50    -3.600
  8115.324      23.0      4.59    -3.062
  8115.640     606.0      0.44    -4.744
  8115.673     607.0      0.55    -1.667
  8115.746     606.0      0.44    -3.403
  8115.868     606.0      0.62    -3.832
  8115.895      28.0      5.36    -1.500
  8115.903     607.0      0.26    -1.872
  8115.905     607.0      0.55    -2.916
  8116.314     606.0      0.62    -3.837
  8116.365      27.0      4.03    -0.800
  8116.653     606.0      0.50    -3.607
  8116.750      23.1      1.08    -2.645
  8116.750      23.1      1.08    -1.742
  8116.775      23.1      1.08    -3.100
  8116.775      23.1      1.08    -2.600
  8116.775      23.1      1.08    -3.300
  8116.796      23.1      1.08    -3.300
  8116.796      23.1      1.08    -3.000
  8116.796      23.1      1.08    -3.400
  8116.812      23.1      1.08    -3.100
  8116.812      23.1      1.08    -3.100
  8116.812      23.1      1.08    -3.100
  8116.827      23.1      1.08    -2.449
  8116.827      23.1      1.08    -2.742
  8116.827      23.1      1.08    -2.383
  8116.838      23.1      1.08    -2.587
  8116.838      23.1      1.08    -3.189
  8116.838      23.1      1.08    -2.449
  8116.845      23.1      1.08    -2.867
  8116.845      23.1      1.08    -3.888
  8116.845      23.1      1.08    -2.587
  8116.849      23.1      1.08    -2.867
  8116.881     607.0      0.28    -2.686
  8116.899      66.1      2.34    -1.412
  8116.935     607.0      0.28    -1.898
  8117.136      62.1      1.61    -1.109
  8117.214     607.0      0.18    -3.098
  8117.264     607.0      0.37    -1.821
  8117.357     607.0      0.26    -2.634
  8117.375     607.0      0.26    -3.654
  8117.383     607.0      0.26    -2.784
  8117.471     606.0      0.51    -4.735
  8117.532     606.0      0.51    -3.454
  8117.705      26.1      6.73    -3.472
  8118.711      24.0      4.61    -2.946
  8118.711      27.0      5.20    -4.342
  8118.732     607.0      0.38    -1.462
  8118.797      27.0      5.36    -3.624
  8118.925     607.0      0.38    -3.104
  8118.995      23.0      4.59    -2.043
  8119.027     606.0      0.51    -3.479
  8119.058     607.0      1.66    -2.956
  8119.069     606.0      0.51    -4.769
  8119.173      24.0      4.40    -2.664
  8119.235      24.0      5.08    -2.988
  8119.305      26.0      5.06    -3.165
  8119.392     607.0      1.66    -1.442
  8119.535      24.0      5.13    -1.897
  8119.687      23.1      3.09    -4.493
  8119.687      23.1      3.09    -3.628
  8119.687      23.1      3.09    -3.002
  8119.706     607.0      0.79    -3.337
  8119.710     607.0      0.32    -1.743
  8119.719      23.1      3.09    -4.065
  8119.719      23.1      3.09    -3.467
  8119.719      23.1      3.09    -3.218
  8119.744      23.1      3.09    -3.815
  8119.744      23.1      3.09    -3.475
  8119.744      23.1      3.09    -3.501
  8119.763      23.1      3.09    -3.639
  8119.763      23.1      3.09    -3.639
  8119.763      23.1      3.09    -3.940
  8119.787     607.0      0.32    -2.729
  8119.897     607.0      0.29    -2.688
  8119.955     607.0      0.29    -1.855
  8120.054     606.0      0.51    -3.482
  8120.079     607.0      0.40    -1.793
  8120.122      25.0      5.58    -2.147
  8120.161      22.0      3.13    -2.389
  8120.198     607.0      0.40    -2.549
  8120.228      40.0      2.32    -0.820
  8120.376      58.0      0.30    -1.374
  8120.519     607.0      0.26    -2.583
  8120.549     607.0      0.26    -2.664
  8120.558      20.0      5.99    -4.726
  8120.620     607.0      0.58    -3.012
  8120.844     606.0      0.45    -4.745
  8120.868      24.0      4.39    -3.956
  8120.924      60.1      1.23    -1.200
  8120.942     606.0      0.45    -3.291
  8120.971     607.0      0.28    -2.294
  8120.988     607.0      1.46    -3.211
  8121.297      22.0      1.87    -3.312
  8121.528      21.0      4.18    -3.742
  8121.548     607.0      0.38    -1.801
  8121.736      25.1      4.32    -4.689
  8121.774      22.0      4.42    -3.958
  8121.871      23.0      3.89    -2.917
  8121.957      15.0      8.28    -4.310
  8121.960     607.0      0.26    -3.353
  8122.069      60.1      0.32    -1.682
  8122.236     607.0      0.55    -1.655
  8122.247      22.1      8.92    -1.836
  8122.540     606.0      0.45    -3.338
  8122.619     607.0      1.47    -3.207
  8122.634     606.0      0.45    -4.789
  8122.639     606.0      0.45    -4.751
  8122.723      90.0      2.48    -0.736
  8122.726      22.0      3.73    -3.652
  8123.072     607.0      1.73    -1.306
  8123.140      26.0      5.62    -3.747
  8123.231     607.0      0.29    -2.692
  8123.294     607.0      0.29    -1.815
  8123.514      22.1      8.75    -1.173
  8123.554      20.0      5.93    -3.461
  8123.765      37.0      2.40    -2.342
  8123.778      74.0      2.27    -2.180
  8123.844      21.1      7.86    -1.592
  8123.909     606.0      0.42    -3.809
  8123.923      23.0      3.91    -3.785
  8123.978      22.0      3.41    -3.209
  8124.016      23.1      4.52    -4.887
  8124.017     607.0      0.27    -2.546
  8124.042      20.0      5.73    -3.917
  8124.043      20.0      6.02    -4.696
  8124.052     607.0      0.27    -2.565
  8124.055      37.0      2.40    -3.296
  8124.182      28.0      5.61    -3.651
  8124.744     606.0      0.45    -4.785
  8124.801      24.0      4.41    -2.469
  8124.834      24.0      4.62    -1.486
  8124.838     606.0      0.45    -3.341
  8124.887      21.0      3.79    -3.171
  8124.932     607.0      0.32    -1.711
  8124.990     607.0      0.26    -2.793
  8125.014     607.0      0.32    -2.734
  8125.079      62.1      1.35    -1.303
  8125.150     607.0      0.26    -1.864
  8125.295     606.0      0.43    -3.936
  8125.415      15.0      8.13    -3.100
  8125.441      22.0      3.32    -2.551
  8125.540     607.0      1.52    -3.465
  8125.574     607.0      0.42    -1.774
  8125.636     607.0      1.73    -1.529
  8125.699     607.0      0.42    -2.558
  8125.732      24.0      5.27    -4.079
  8125.866     606.0      0.42    -4.512
  8126.057     607.0      0.38    -3.102
  8126.139     607.0      0.39    -1.783
  8126.184      26.1      7.57    -3.674
  8126.203      22.0      3.71    -1.516
  8126.231       3.0      1.85    -0.665
  8126.239      92.0      1.25    -1.702
  8126.250     607.0      0.38    -1.451
  8126.264     607.0      1.59    -1.669
  8126.328     606.0      0.43    -3.956
  8126.367      23.1      4.55    -2.798
  8126.442     607.0      1.63    -1.496
  8126.452       3.0      1.85    -0.365
  8126.503      26.0      4.58    -2.700
  8126.627      26.1      8.92    -2.713
  8126.750      24.0      4.70    -3.759
  8126.885     607.0      0.30    -2.696
  8126.895      24.0      5.11    -3.454
  8126.900     607.0      0.26    -3.193
  8126.941      24.0      5.08    -3.347
  8126.953     607.0      0.30    -1.778
  8127.015     606.0      0.43    -3.965
  8127.129     607.0      0.29    -2.244
  8127.344      24.0      4.70    -4.050
  8127.405     607.0      0.60    -3.020
  8127.437      20.0      6.02    -4.225
  8127.556      24.0      5.32    -0.646
  8127.628      20.0      6.02    -3.719
  8127.705     607.0      0.57    -1.658
  8127.741      23.0      4.59    -1.675
  8127.800      27.0      5.20    -3.599
  8127.824      22.0      3.71    -2.516
  8127.863     607.0      0.27    -2.520
  8127.902     607.0      0.27    -2.481
  8127.943     607.0      0.57    -2.923
  8127.963     607.0      0.28    -1.857
  8128.230      24.0      4.42    -1.235
  8128.304     607.0      1.73    -3.193
  8128.429     606.0      0.53    -4.768
  8128.491      22.0      3.57    -3.747
  8128.503     606.0      0.53    -3.418
  8128.706      24.0      6.05    -3.546
  8128.855      24.0      5.09    -3.845
  8128.884      37.0      2.40    -2.640
  8129.026      14.0      6.19    -4.050
  8129.049      20.0      6.03    -4.958
  8129.241      24.0      4.10    -3.634
  8129.287      21.1      8.24    -1.590
  8129.315      26.0      2.76    -4.250
  8129.340      23.0      3.07    -2.963
  8129.443     607.0      0.19    -3.106
  8129.677      22.0      3.68    -2.689
  8129.881     606.0      0.53    -3.441
  8129.929     606.0      0.53    -4.799
  8129.942      24.0      5.08    -3.749
  8130.042     607.0      1.73    -3.140
  8130.087      23.0      4.74    -3.950
  8130.345      24.0      5.32    -1.489
  8130.425     607.0      1.73    -1.525
  8130.427     607.0      0.33    -1.681
  8130.513     607.0      0.33    -2.741
  8130.594     607.0      0.40    -1.451
  8130.644      25.1      6.13    -4.269
  8130.644      25.1      6.13    -3.351
  8130.717      25.1      6.13    -4.093
  8130.717      25.1      6.13    -3.491
  8130.775      25.1      6.13    -4.067
  8130.775      25.1      6.13    -3.649
  8130.793     607.0      0.40    -3.112
  8130.819      25.1      6.13    -4.134
  8130.819      25.1      6.13    -3.833
  8130.826     606.0      0.53    -3.445
  8130.848      25.1      6.13    -4.310
  8130.848      25.1      6.13    -4.055
  8130.858     607.0      0.31    -2.702
  8130.863      25.1      6.13    -4.340
  8130.931     607.0      0.31    -1.744
  8130.953      27.0      5.38    -2.637
  8131.043     607.0      0.40    -1.765
  8131.218      27.0      5.33    -3.853
  8131.385     607.0      0.43    -1.756
  8131.397      20.0      6.03    -2.349
  8131.406      22.0      2.35    -1.700
  8131.423      23.0      4.59    -1.227
  8131.511     606.0      0.47    -4.788
  8131.514     607.0      0.43    -2.567
  8131.615      27.0      5.04    -4.091
  8131.623     606.0      0.47    -3.242
  8131.686     607.0      1.79    -1.849
  8131.886      24.0      4.62    -2.427
  8131.958     607.0      1.63    -2.891
  8132.048     607.0      0.27    -2.501
  8132.093     607.0      0.27    -2.408
  8132.161      20.0      5.92    -4.643
  8132.194     607.0      0.26    -3.090
  8132.576     607.0      0.82    -3.342
  8132.674     606.0      0.43    -3.652
  8132.733      46.0      3.11    -1.020
  8132.780     607.0      1.59    -2.901
  8132.954      23.1      3.12    -4.874
  8132.980      40.0      0.69    -0.550
  8132.983     606.0      0.47    -3.283
  8133.021     607.0      1.59    -1.663
  8133.094     606.0      0.47    -4.792
  8133.097      20.1      9.68    -1.776
  8133.097      20.1      9.68    -0.232
  8133.097      20.1      9.68    -0.345
  8133.099     606.0      0.47    -4.828
  8133.229      24.0      3.56    -4.143
  8133.282      20.0      5.73    -5.258
  8133.322      22.0      2.15    -2.753
  8133.325      26.0      5.70    -0.900
  8133.485      30.0      6.92    -4.234
  8133.514      20.0      5.99    -4.953
  8133.528     607.0      0.29    -2.198
  8133.631     607.0      1.56    -3.869
  8133.818      14.0      6.18    -3.740
  8133.825      20.0      6.02    -3.404
  8134.190     607.0      0.57    -1.646
  8134.470      26.0      5.61    -3.014
  8134.492     607.0      0.61    -3.028
  8134.553      27.0      5.20    -2.825
  8134.897      24.0      5.27    -3.004
  8134.984      24.0      5.09    -2.510
  8135.030      22.0      4.11    -2.886
  8135.038     606.0      0.47    -4.824
  8135.049      24.0      3.56    -3.693
  8135.151     607.0      0.32    -2.709
  8135.155     606.0      0.47    -3.287
  8135.189     606.0      0.43    -3.726
  8135.195      41.0      1.39    -1.310
  8135.229     607.0      0.32    -1.712
  8135.291     606.0      0.43    -4.500
  8135.365      22.0      4.36    -1.051
  8135.406      24.0      5.07    -3.731
  8135.632      15.0      8.32    -2.590
  8135.735     607.0      1.79    -3.540
  8135.930      23.0      2.71    -1.966
  8135.943     606.0      0.46    -1.407
  8136.087      15.0      8.29    -3.890
  8136.160     607.0      1.79    -1.845
  8136.171     606.0      0.45    -1.282
  8136.188      45.0      1.83    -1.330
  8136.191     607.0      0.34    -1.653
  8136.241     607.0      0.42    -1.748
  8136.278     607.0      1.50    -3.282
  8136.282     607.0      0.34    -2.747
  8136.353      23.0      4.74    -3.053
  8136.486      22.0      3.41    -3.397
  8136.531      26.1      5.61    -4.612
  8136.572     607.0      0.28    -2.488
  8136.621     607.0      0.28    -2.344
  8136.737      26.0      4.58    -3.995
  8136.811      23.0      3.08    -0.801
  8136.844     607.0      0.28    -2.801
  8136.893     606.0      0.43    -4.556
  8137.009     607.0      0.28    -1.849
  8137.062      27.0      5.11    -0.226
  8137.231      92.0      1.28    -1.591
  8137.472      27.1      5.39    -4.694
  8137.472      27.1      5.39    -4.673
  8137.472      27.1      5.39    -4.819
  8137.475     607.0      0.44    -1.739
  8137.479      23.1      4.58    -3.019
  8137.496      27.1      5.39    -4.673
  8137.496      27.1      5.39    -4.352
  8137.592      28.1      7.00    -4.507
  8137.609     607.0      0.44    -2.576
  8137.665      21.0      4.17    -3.932
  8137.721      24.0      5.07    -3.461
  8137.777     607.0      0.40    -3.110
  8137.841     607.0      0.27    -3.019
  8137.877      24.0      4.40    -3.694
  8137.957     606.0      0.53    -3.563
  8137.976     607.0      0.40    -1.440
  8138.247     606.0      0.54    -3.578
  8138.301     607.0      1.69    -1.440
  8138.373      22.0      3.69    -1.854
  8138.476      90.0      0.69    -2.308
  8138.509      26.1      8.93    -3.848
  8138.621     606.0      0.66    -3.802
  8138.728      15.0      8.11    -1.220
  8138.857      23.0      3.93    -2.885
  8138.972      20.0      6.02    -2.627
  8139.178     607.0      1.48    -3.218
  8139.182      24.0      5.67    -0.862
  8139.212      12.0      5.93    -4.000
  8139.317     606.0      0.66    -3.813
  8139.558     606.0      0.54    -3.584
  8139.638      20.0      4.53    -2.909
  8139.652      25.0      6.20    -1.209
  8139.699      27.0      5.31    -3.041
  8139.725      21.0      3.08    -1.278
  8139.732     606.0      0.66    -3.818
  8139.753     607.0      0.32    -2.716
  8139.835     607.0      0.32    -1.682
  8139.902      90.1      1.17    -3.047
  8140.071     607.0      0.59    -1.649
  8140.189      24.0      4.53    -2.183
  8140.201     607.0      0.30    -2.155
  8140.313     607.0      0.59    -2.930
  8140.328      21.1      9.74    -1.210
  8140.334     607.0      0.29    -1.843
  8140.359      27.1      2.54    -4.290
  8140.364      27.1      2.54    -4.506
  8140.373      27.1      2.54    -4.789
  8140.455      27.1      2.54    -4.927
  8140.465      27.1      2.54    -4.763
  8140.479      27.1      2.54    -4.755
  8140.497      27.1      2.54    -4.916
  8140.502      27.1      2.54    -4.927
  8140.545     606.0      0.55    -4.799
  8140.563      14.0      5.95    -1.930
  8140.639     606.0      0.55    -3.386
  8140.666      27.0      5.33    -3.510
  8140.719      66.1      1.85    -2.318
  8141.431     607.0      0.28    -2.479
  8141.485     607.0      0.28    -2.287
  8141.565      22.0      2.35    -2.455
  8141.744      60.1      1.23    -1.115
  8141.751     607.0      0.43    -1.731
  8141.893     607.0      0.63    -3.036
  8141.900     606.0      0.55    -3.406
  8142.005     607.0      0.20    -3.114
  8142.235     607.0      0.35    -1.627
  8142.244      24.0      2.97    -4.126
  8142.332     607.0      0.35    -2.755
  8142.549      23.1      1.85    -4.976
  8142.553      23.1      1.85    -4.812
  8142.558      23.1      1.85    -4.671
  8142.616      27.0      5.36    -2.809
  8142.770     607.0      0.42    -1.440
  8142.824      14.0      6.08    -2.240
  8142.974     607.0      0.42    -3.120
  8142.981      24.0      6.15    -3.668
  8143.067      23.0      4.59    -1.445
  8143.138      90.0      1.09    -1.697
  8143.158     607.0      1.69    -2.961
  8143.176      22.0      3.35    -3.872
  8143.259      60.1      1.35    -1.040
  8143.340     606.0      0.48    -4.828
  8143.430     606.0      0.48    -3.198
  8143.499     607.0      1.69    -1.436
  8143.558      21.1      7.86    -1.083
  8143.677      27.0      5.20    -2.335
  8143.686      12.0      5.93    -2.580
  8143.839     607.0      0.27    -2.969
  8143.853     607.0      0.46    -1.723
  8143.921      26.0      5.67    -3.979
  8143.992     607.0      0.46    -2.585
  8143.994      64.0      2.01    -1.110
  8144.035      24.0      4.62    -3.401
  8144.049      25.0      4.68    -3.342
  8144.078      26.1      9.94    -1.723
  8144.206     607.0      1.50    -3.213
  8144.267      20.0      4.53    -2.503
  8144.320      20.0      4.53    -3.054
  8144.479     607.0      1.61    -1.660
  8144.559      23.0      1.04    -1.870
  8144.624     606.0      0.48    -3.234
  8144.684     607.0      0.33    -2.724
  8144.709     606.0      0.48    -4.864
  8144.714     606.0      0.48    -4.831
  8144.759      21.1      9.77    -1.252
  8144.771     607.0      0.33    -1.654
  8145.070      22.1      6.53    -2.783
  8145.432     606.0      0.44    -3.597
  8145.470      26.0      4.50    -1.950
  8145.573      20.0      5.45    -4.484
  8145.790     607.0      0.85    -3.348
  8145.982      22.0      2.35    -3.927
  8145.994      14.0      6.40    -2.930
  8146.111      64.0      0.90    -1.559
  8146.166      22.0      3.71    -2.245
  8146.191      20.0      4.53    -3.744
  8146.467     607.0      0.59    -1.638
  8146.497      24.1      6.61    -2.915
  8146.537      21.0      4.17    -3.638
  8146.558     606.0      0.48    -4.860
  8146.616      22.0      3.15    -2.421
  8146.623     607.0      0.29    -2.474
  8146.643     606.0      0.48    -3.239
  8146.670      26.0      3.27    -3.600
  8146.682      26.0      3.27    -5.000
  8146.682     607.0      0.29    -2.235
  8146.783      24.0      5.07    -3.387
  8147.075      21.0      3.17    -1.506
  8147.103      15.0      8.48    -1.800
  8147.140     607.0      0.31    -2.116
  8147.287      66.0      1.06    -1.631
  8147.327      21.1      7.87    -2.103
  8147.526      24.0      6.01    -1.755
  8147.568     607.0      0.44    -1.715
  8147.635     606.0      0.44    -3.657
  8147.751     606.0      0.44    -4.548
  8147.795      22.0      3.71    -1.278
  8147.940      15.0      8.48    -1.000
  8147.947      20.0      6.02    -3.485
  8148.563     607.0      0.36    -1.602
  8148.601      26.1      9.90    -2.313
  8148.665     607.0      0.36    -2.762
  8148.768      20.0      5.95    -4.571
  8149.023     607.0      0.29    -2.810
  8149.095      24.0      2.89    -4.426
  8149.133     606.0      0.44    -4.598
  8149.187     606.0      0.46    -3.912
  8149.193     607.0      0.29    -1.835
  8149.239     606.0      0.44    -3.667
  8149.525      26.0      4.58    -2.262
  8149.580     607.0      0.65    -3.043
  8149.716      26.0      4.58    -1.816
  8149.825     607.0      0.42    -3.118
  8149.864      20.0      5.95    -4.156
  8149.916     607.0      0.34    -2.733
  8150.008     607.0      0.34    -1.627
  8150.029     607.0      0.42    -1.429
  8150.043      27.1      2.87    -4.086
  8150.043      27.1      2.87    -3.078
  8150.108      27.1      2.87    -4.989
  8150.108      27.1      2.87    -3.875
  8150.108      27.1      2.87    -3.183
  8150.153     606.0      0.46    -3.931
  8150.163      27.1      2.87    -4.785
  8150.163      27.1      2.87    -3.802
  8150.163      27.1      2.87    -3.299
  8150.186     607.0      0.27    -2.932
  8150.210      27.1      2.87    -4.688
  8150.210      27.1      2.87    -3.796
  8150.210      27.1      2.87    -3.428
  8150.247      27.1      2.87    -4.688
  8150.247      27.1      2.87    -3.843
  8150.247      27.1      2.87    -3.574
  8150.276      27.1      2.87    -4.843
  8150.276      27.1      2.87    -3.948
  8150.276      27.1      2.87    -3.744
  8150.295      27.1      2.87    -4.144
  8150.295      27.1      2.87    -3.948
  8150.304      27.1      2.87    -4.211
  8150.529     607.0      0.47    -1.707
  8150.555      14.0      5.61    -3.500
  8150.673     607.0      0.47    -2.594
  8150.743      15.0      8.48    -1.600
  8150.797     606.0      0.46    -3.939
  8150.849      42.0      3.36    -2.174
  8150.916     607.0      1.61    -2.908
  8150.934      26.0      5.31    -4.121
  8151.014      26.0      4.29    -4.088
  8151.087      21.0      4.06    -1.964
  8151.164     607.0      1.61    -1.654
  8151.174      21.1      8.24    -1.027
  8151.227      24.0      5.07    -3.157
  8151.838      27.1      4.07    -2.500
  8151.838      27.1      4.07    -2.400
  8151.838      27.1      4.07    -3.100
  8151.853      27.1      4.07    -2.200
  8151.853      27.1      4.07    -2.200
  8151.853      27.1      4.07    -3.000
  8151.875      27.1      4.07    -2.000
  8151.875      27.1      4.07    -2.100
  8151.875      27.1      4.07    -3.000
  8151.904      27.1      4.07    -1.900
  8151.904      27.1      4.07    -2.100
  8151.904      27.1      4.07    -3.100
  8151.939      27.1      4.07    -1.700
  8151.939      27.1      4.07    -2.100
  8151.939      27.1      4.07    -3.300
  8151.979      27.1      4.07    -1.600
  8151.979      27.1      4.07    -2.200
  8151.979      27.1      4.07    -3.700
  8152.024      27.1      4.07    -1.500
  8152.024      27.1      4.07    -2.400
  8152.073      27.1      4.07    -1.400
  8152.145     607.0      0.29    -2.472
  8152.208     607.0      0.29    -2.188
  8152.381      90.1      1.29    -2.927
  8152.449      12.0      5.93    -2.920
  8152.541     607.0      1.55    -3.469
  8152.563      40.0      0.65    -2.470
  8152.608     607.0      1.76    -1.524
  8152.757     607.0      0.62    -1.640
  8153.007     607.0      0.62    -2.936
  8153.024     607.0      0.31    -1.829
  8153.081      24.0      6.22    -2.510
  8153.471      42.0      3.19    -1.722
  8153.474      23.0      3.07    -3.011
  8153.583      16.0      8.05    -4.000
  8153.695     607.0      0.46    -1.700
  8153.738      92.0      1.63    -1.251
  8153.746      24.0      6.02    -3.715
  8153.864     606.0      0.57    -4.829
  8153.956     606.0      0.57    -3.355
  8154.165      21.0      4.17    -3.423
  8154.199      27.0      5.15    -1.927
  8154.352     607.0      0.32    -2.080
  8154.478      23.0      3.09    -0.439
  8154.640      12.0      5.93    -2.450
  8154.656      24.0      5.59    -3.796
  8154.684      25.0      5.38    -1.898
  8154.868      14.0      6.10    -1.800
  8154.898     607.0      0.22    -3.123
  8155.003      24.0      4.42    -1.509
  8155.132     606.0      0.58    -3.374
  8155.176     607.0      0.37    -1.578
  8155.180     606.0      0.58    -4.856
  8155.194      16.0      8.05    -4.480
  8155.250      23.0      2.62    -2.862
  8155.271     607.0      0.44    -1.429
  8155.282     607.0      0.37    -2.770
  8155.283      24.0      6.16    -2.273
  8155.409      25.1      4.19    -4.645
  8155.409      25.1      4.19    -3.956
  8155.431      25.1      4.19    -4.499
  8155.431      25.1      4.19    -4.168
  8155.446      25.1      4.19    -4.520
  8155.446      25.1      4.19    -4.441
  8155.457      25.1      4.19    -4.997
  8155.457      25.1      4.19    -4.675
  8155.457      25.1      4.19    -4.851
  8155.466     607.0      0.35    -2.742
  8155.481     607.0      0.44    -3.128
  8155.562     607.0      0.35    -1.602
  8155.638       6.0      7.48    -4.191
  8155.677      22.0      4.51    -3.621
  8155.822      20.0      6.01    -3.204
  8155.940     606.0      0.58    -3.379
  8155.989      16.0      8.05    -3.780
  8156.015      21.1      8.40    -3.514
  8156.188      20.0      6.01    -4.300
  8156.228      24.0      5.08    -2.848
  8156.305     606.0      0.50    -4.865
  8156.397     606.0      0.50    -3.159
  8156.487      20.0      6.01    -4.650
  8156.651      22.0      3.11    -3.769
  8156.798      22.0      3.33    -2.417
  8156.864     607.0      0.28    -2.905
  8157.021     607.0      1.76    -3.144
  8157.179      23.0      3.07    -4.074
  8157.306      20.0      6.04    -4.199
  8157.372      22.1      6.53    -4.264
  8157.411     607.0      1.76    -1.519
  8157.438     606.0      0.50    -3.190
  8157.458      20.0      4.53    -2.151
  8157.494     607.0      0.48    -1.692
  8157.530     606.0      0.50    -4.867
  8157.549      26.1      9.74    -0.797
  8157.588     607.0      0.67    -3.051
  8157.643     607.0      0.48    -2.602
  8157.788     607.0      1.50    -3.225
  8157.804      20.0      4.53    -3.003
  8157.858      20.0      4.53    -4.253
  8157.997     607.0      0.30    -2.472
  8158.066     607.0      0.30    -2.145
  8158.238      21.0      4.55    -1.626
  8158.251      21.1      9.77    -2.325
  8158.810      25.0      5.38    -2.594
  8159.083     607.0      0.62    -1.629
  8159.131      12.0      5.93    -2.220
  8159.265     606.0      0.50    -4.895
  8159.325     606.0      0.46    -3.548
  8159.334     607.0      0.88    -3.353
  8159.350      23.0      1.38    -4.727
  8159.629      24.0      6.15    -2.251
  8159.728      90.0      0.79    -2.172
  8159.735      20.0      4.53    -3.761
  8159.869      26.0      4.29    -3.955
  8160.009      26.0      4.58    -4.000
  8160.036      23.0      3.89    -3.734
  8160.107      26.1      9.00    -3.071
  8160.135     607.0      0.47    -1.685
  8160.459      27.1      4.18    -3.162
  8160.510      22.0      4.18    -3.372
  8160.552      27.1      4.18    -3.303
  8160.552      27.1      4.18    -4.002
  8160.608      24.0      5.67    -1.296
  8160.632      27.1      4.18    -3.467
  8160.632      27.1      4.18    -3.806
  8160.698      27.1      4.18    -3.665
  8160.698      27.1      4.18    -3.752
  8160.698      27.1      4.18    -4.706
  8160.752      27.1      4.18    -3.920
  8160.752      27.1      4.18    -3.774
  8160.752      27.1      4.18    -4.484
  8160.792      27.1      4.18    -4.308
  8160.792      27.1      4.18    -3.865
  8160.792      27.1      4.18    -4.359
  8160.808      27.0      5.36    -2.179
  8160.818      27.1      4.18    -4.053
  8160.818      27.1      4.18    -4.308
  8160.832      27.1      4.18    -4.338
  8160.855      21.0      4.05    -1.426
  8160.937     607.0      1.53    -3.287
  8160.938      26.1      9.70    -1.414
  8161.008      23.1      4.58    -4.256
  8161.027      23.1      1.06    -2.715
  8161.027      23.1      1.06    -2.016
  8161.046      23.1      1.06    -2.534
  8161.046      23.1      1.06    -2.308
  8161.046      23.1      1.06    -2.715
  8161.051     607.0      1.83    -1.844
  8161.062      23.1      1.06    -2.503
  8161.062      23.1      1.06    -2.714
  8161.062      23.1      1.06    -2.534
  8161.075      23.1      1.06    -2.567
  8161.075      23.1      1.06    -3.431
  8161.075      23.1      1.06    -2.503
  8161.084      23.1      1.06    -2.766
  8161.084      23.1      1.06    -4.674
  8161.084      23.1      1.06    -2.567
  8161.091      23.1      1.06    -3.021
  8161.091      23.1      1.06    -2.766
  8161.299     606.0      0.46    -3.599
  8161.331     607.0      0.36    -2.751
  8161.348      23.0      4.72    -2.903
  8161.399     606.0      0.46    -4.592
  8161.433     607.0      0.36    -1.579
  8161.530     607.0      0.31    -2.818
  8161.588      22.1      6.55    -3.181
  8161.706     607.0      0.31    -1.822
  8161.778     606.0      0.47    -1.254
  8161.832     607.0      0.32    -2.046
  8161.941      15.0      8.13    -2.060
  8161.941      62.1      2.16    -0.234
  8162.064     607.0      0.38    -1.556
  8162.162      14.0      5.62    -1.330
  8162.175     607.0      0.38    -2.779
  8162.196     607.0      0.44    -3.125
  8162.202     606.0      0.57    -3.543
  8162.314      24.0      4.61    -2.548
  8162.341      20.0      5.82    -1.087
  8162.356      20.0      4.44    -1.251
  8162.406     607.0      0.44    -1.418
  8162.469     606.0      0.57    -3.556
  8162.497      26.0      4.73    -3.890
  8162.630      22.0      4.51    -3.753
  8162.637     606.0      0.46    -4.638
  8162.732     606.0      0.46    -3.609
  8162.928     607.0      1.72    -1.434
  8163.010     607.0      1.63    -1.651
  8163.023      26.0      5.20    -1.500
  8163.036     607.0      1.60    -3.873
  8163.121      90.1      0.87    -3.040
  8163.243      26.1      6.73    -3.786
  8163.255      22.0      2.74    -3.983
  8163.381     606.0      0.70    -3.784
  8163.414      23.0      3.91    -2.421
  8163.731     606.0      0.57    -3.563
  8163.841      23.0      2.74    -4.012
  8163.926     607.0      0.28    -2.886
  8164.072     606.0      0.70    -3.795
  8164.118      24.0      4.11    -4.505
  8164.121      27.0      5.24    -1.408
  8164.181     607.0      0.31    -2.474
  8164.245      15.0      8.42    -0.500
  8164.255     607.0      0.31    -2.106
  8164.308      14.0      6.08    -2.680
  8164.374      21.0      4.05    -3.248
  8164.451     606.0      0.70    -3.800
  8164.627      23.0      2.36    -4.698
  8164.770     607.0      0.50    -1.677
  8164.923     607.0      0.50    -2.611
  8165.001      24.1      6.90    -3.328
  8165.094     607.0      1.83    -3.544
  8165.182      20.0      6.02    -4.158
  8165.230      22.0      3.72    -1.793
  8165.354      23.1      3.09    -4.568
  8165.354      23.1      3.09    -4.157
  8165.386      23.1      3.09    -4.454
  8165.386      23.1      3.09    -4.773
  8165.386      23.1      3.09    -4.568
  8165.411      23.1      3.09    -4.579
  8165.411      23.1      3.09    -4.454
  8165.430      23.1      3.09    -4.755
  8165.430      23.1      3.09    -4.579
  8165.526     607.0      1.83    -1.840
  8165.674      23.0      3.73    -4.174
  8165.688      22.1      8.94    -2.086
  8165.701      74.0      3.50    -1.390
  8165.707      27.1      2.88    -4.682
  8165.772      27.1      2.88    -4.869
  8165.775     607.0      0.64    -1.632
  8165.903     607.0      0.69    -3.058
  8165.948      24.0      4.86    -2.252
  8166.030     607.0      0.64    -2.943
  8166.034     607.0      0.33    -1.816
  8166.180     607.0      1.52    -3.219
  8166.181      21.1      9.77    -2.870
  8166.448      90.1      0.23    -3.969
  8166.471      24.0      4.39    -2.681
  8166.708      27.0      5.10    -3.475
  8166.720      24.0      4.41    -3.052
  8166.793     606.0      0.44    -4.979
  8166.881     607.0      0.48    -1.671
  8167.028      24.0      5.09    -3.496
  8167.076      24.0      4.11    -3.506
  8167.195      24.0      6.03    -2.120
  8167.228     112.0      1.30    -1.250
  8167.228     112.0      1.30    -1.221
  8167.521     607.0      0.37    -2.760
  8167.608      22.0      3.68    -2.922
  8167.627     607.0      0.37    -1.556
  8167.746     607.0      1.72    -2.966
  8167.849      27.0      5.20    -0.669
  8167.955      22.0      4.07    -3.721
  8168.009      24.0      4.21    -1.709
  8168.094     607.0      0.46    -1.418
  8168.124     607.0      0.23    -3.131
  8168.135      23.1      2.37    -4.926
  8168.147      23.1      2.37    -4.810
  8168.162      23.1      2.37    -4.705
  8168.172      28.0      5.45    -3.920
  8168.290      25.0      4.73    -3.581
  8168.293      26.1      7.58    -3.876
  8168.300      26.1      6.73    -2.854
  8168.309     607.0      0.46    -3.135
  8168.366     606.0      0.60    -4.857
  8168.383      21.0      4.82    -2.185
  8168.455     606.0      0.60    -3.327
  8168.523      24.0      4.21    -2.565
  8168.572      26.0      5.79    -2.153
  8168.599      26.0      5.62    -2.582
  8168.605      26.0      5.20    -1.950
  8168.610      20.0      6.02    -2.867
  8168.663      20.0      6.01    -4.532
  8168.804      20.0      6.02    -3.342
  8168.812      20.0      4.88    -1.248
  8168.824      23.0      3.22    -2.014
  8168.870      24.0      4.39    -4.045
  8169.044      66.1      2.65    -1.411
  8169.249     607.0      0.39    -1.535
  8169.365     607.0      0.39    -2.787
  8169.416     607.0      1.63    -2.914
  8169.429      22.0      2.16    -3.391
  8169.561     606.0      0.60    -3.344
  8169.600     607.0      0.33    -2.014
  8169.672     607.0      1.63    -1.645
  8169.678      23.0      3.08    -2.619
  8169.785      24.0      4.42    -1.567
  8169.787      90.0      0.90    -2.294
  8170.059      24.0      5.09    -3.188
  8170.107      20.0      4.88    -0.752
  8170.451     606.0      0.52    -4.900
  8170.513     606.0      0.52    -3.123
  8170.539      28.0      5.51    -1.718
  8170.673      21.1      7.87    -0.802
  8170.685     607.0      0.32    -2.478
  8170.763     607.0      0.32    -2.069
  8170.887     606.0      0.50    -1.387
  8171.014      27.0      5.33    -3.044
  8171.285      14.0      6.10    -1.500
  8171.296     607.0      0.29    -2.872
  8171.307      23.0      3.10    -0.190
  8171.394      58.0      0.16    -2.141
  8171.461     606.0      0.52    -3.151
  8171.494      22.1      7.74    -3.590
  8171.503     606.0      0.52    -4.930
  8171.523     606.0      0.52    -4.901
  8171.868      20.0      5.93    -3.881
  8171.903      15.0      8.48    -0.400
  8172.029     607.0      0.64    -1.621
  8172.096      24.1      6.90    -3.678
  8172.156      22.1      6.97    -4.023
  8172.255     112.0      1.29    -1.250
  8172.255     112.0      1.29    -1.281
  8172.318      24.0      5.26    -3.086
  8172.336      23.0      4.66    -4.029
  8172.336     607.0      0.51    -1.663
  8172.496     607.0      0.51    -2.620
  8172.570      60.1      0.00    -2.400
  8172.744      24.0      5.08    -3.359
  8173.173      26.1      6.09    -3.997
  8173.197     606.0      0.52    -4.927
  8173.219     607.0      0.90    -3.359
  8173.239     606.0      0.52    -3.158
  8173.285      20.0      4.88    -4.000
  8173.327      26.0      5.30    -1.800
  8173.332      22.1      8.75    -2.201
  8173.477      26.1      6.72    -3.165
  8173.579      20.0      5.73    -4.383
  8173.806      21.0      3.81    -2.619
  8173.900      72.0      2.59    -1.080
  8173.933     607.0      0.50    -1.657
  8173.998     607.0      0.38    -2.769
  8174.109     607.0      0.38    -1.535
  8174.281      22.0      4.18    -3.980
  8174.323      92.0      0.53    -1.910
  8174.337     606.0      0.49    -3.889
  8174.366     606.0      0.47    -3.505
  8174.366     607.0      0.33    -2.827
  8174.526     607.0      0.71    -3.066
  8174.547     607.0      0.33    -1.808
  8174.895     607.0      0.46    -3.133
  8174.989      24.0      4.44    -1.891
  8175.063      20.0      6.02    -4.401
  8175.111     607.0      0.46    -1.408
  8175.263     606.0      0.49    -3.907
  8175.380      22.0      2.17    -3.832
  8175.586      58.1      0.45    -3.001
  8175.676      24.0      6.05    -2.172
  8175.864      92.0      1.99    -0.894
  8175.866     606.0      0.49    -3.915
  8176.135     606.0      0.47    -3.548
  8176.248     606.0      0.47    -4.634
  8176.353      24.0      3.56    -3.687
  8176.507      25.0      5.61    -3.026
  8176.724     607.0      0.40    -1.514
  8176.777     607.0      1.52    -3.232
  8176.845     607.0      0.40    -2.796
  8177.165      26.0      6.02    -2.692
  8177.345     606.0      0.47    -4.676
  8177.370      15.0      8.32    -3.930
  8177.463     606.0      0.47    -3.558
  8177.481      26.1      9.00    -3.752
  8177.524     607.0      0.32    -2.483
  8177.550      20.0      6.01    -4.934
  8177.607     607.0      0.32    -2.036
  8177.638     112.0      1.28    -1.281
  8177.638     112.0      1.28    -1.315
  8177.644     607.0      0.34    -1.985
  8177.754      26.1      8.19    -3.757
  8177.918      21.1      9.76    -0.727
